input <- list("N1" = 300000,
              "N2" = 300000,
              "n1" = 10000,
              "n2" = 10000,
              "gamma1" = 1/3.4,
              "gamma2" = 1/3.4,
              "R1"= 1.2,
              "R2"= 1.2,
              "MaxI" = 100,
              "NumDays" = 4*7,
              "IniMean" = 12,
              "UseMeas" = "Yes",
              "IniProb" = "Atom",
              "Threshold" = 0.9)